21
21
33
31
23
445
3434
34
34
34
3421
21
33
31
23
445
3434
34
34
34
3421
21
33
31
23
445
3434
34
34
34
3421
21
33
31
23
445
3434
34
34
34
3421
21
33
31
23
445
3434
34
34
34
3421
21
33
31
23
445
3434
34
34
34
3421
21
33
31
23
445
3434
34
34
34
3421
21
33
31
23
445
3434
34
34
34
3421
21
33
31
23
445
3434
34
34
34
3421
21
33
31
23
445
3434
34
34
34
3421
21
33
31
23
445
3434
34
34
34
3421
21
33
31
23
445
3434
34
34
34
3421
21
33
31
23
445
3434
34
34
34
3421
21
33
31
23
445
3434
34
34
34
3421
21
33
31
23
445
3434
34
34
34
3421
21
33
31
23
445
3434
34
34
34
3421
21
33
31
23
445
3434
34
34
34
3421
21
33
31
23
445
3434
34
34
34
3421
21
33
31
23
445
3434
34
34
34
3421
21
33
31
23
445
3434
34
34
34
3421
21
33
31
23
445
3434
34
34
34
34
